Initial weights: [0.01666667 0.01666667 0.01666667 0.01666667 0.01666667 0.01666667
 0.01666667 0.01666667 0.01666667 0.01666667 0.01666667 0.01666667
 0.01666667 0.01666667 0.01666667 0.01666667 0.01666667 0.01666667
 0.01666667 0.01666667 0.01666667 0.01666667 0.01666667 0.01666667
 0.01666667 0.01666667 0.01666667 0.01666667 0.01666667 0.01666667
 0.01666667 0.01666667 0.01666667 0.01666667 0.01666667 0.01666667
 0.01666667 0.01666667 0.01666667 0.01666667 0.01666667 0.01666667
 0.01666667 0.01666667 0.01666667 0.01666667 0.01666667 0.01666667
 0.01666667 0.01666667 0.01666667 0.01666667 0.01666667 0.01666667
 0.01666667 0.01666667 0.01666667 0.01666667 0.01666667 0.01666667]
w_i_init_torch: tensor([ 0.0246, -0.0261,  0.0170,  0.0005,  0.0182, -0.0289,  0.0293,  0.0166,
        -0.0270, -0.0063,  0.0030,  0.0158, -0.0173,  0.0168, -0.0333, -0.0048,
         0.0310, -0.0191, -0.0064, -0.0050,  0.0200, -0.0145, -0.0245, -0.0281,
         0.0184,  0.0197, -0.0133, -0.0257,  0.0314, -0.0280,  0.0312,  0.0429,
         0.0082, -0.0173, -0.0058,  0.0208,  0.0310, -0.0121, -0.0236,  0.0083,
        -0.0198, -0.0064, -0.0292,  0.0240, -0.0209, -0.0283,  0.0223, -0.0144,
        -0.0190,  0.0148, -0.0127, -0.0129,  0.0190,  0.0172, -0.0141,  0.0032,
         0.0028,  0.0104,  0.0328,  0.0106], dtype=torch.float64,
       requires_grad=True)
Attempt 1: Optimization failed with error: list index out of range
w_i_init_torch: tensor([-2.2751e-02, -2.5319e-02, -1.1702e-02,  8.1336e-03,  2.3836e-02,
         1.7735e-02,  7.0130e-03,  1.2745e-02,  3.1320e-02,  2.1261e-02,
         1.3256e-02,  3.5155e-02,  1.2682e-02, -1.2260e-02, -2.5932e-02,
        -1.4225e-02,  1.5684e-02, -4.1935e-03,  9.5949e-03,  1.2811e-02,
         2.8565e-02, -2.2676e-02,  5.4761e-03, -1.8816e-02,  2.2108e-02,
        -4.4539e-03, -2.0478e-02,  1.4682e-02,  2.1257e-02,  2.5993e-02,
        -5.4024e-03,  3.1645e-03, -2.1634e-04,  1.8053e-02,  2.3880e-02,
         1.9103e-02,  1.5486e-02,  2.6684e-03,  2.3777e-02,  2.0611e-02,
        -2.5857e-02,  2.4972e-02,  1.9123e-02,  9.3346e-03,  2.1248e-02,
         1.7684e-02,  1.0876e-03, -8.6076e-03,  2.1736e-02,  1.5995e-02,
         1.0131e-02, -2.2427e-02,  2.9053e-02,  1.7741e-02, -1.3353e-02,
         1.3421e-02, -1.8894e-05, -2.5025e-02, -2.0251e-02, -5.3805e-03],
       dtype=torch.float64, requires_grad=True)
Final loss (NLL): 0.5142035675247965
Final weights: tensor([-0.0560, -0.0175,  0.0879,  0.0173, -0.0798,  0.1132, -0.0779,  0.1823,
         0.0411,  0.1199,  0.1308, -0.0283,  0.0303, -0.2220, -0.0483, -0.1097,
        -0.0115,  0.0294,  0.0640,  0.1994,  0.0181,  0.1054,  0.0027,  0.0639,
        -0.1045,  0.1262,  0.0713,  0.0673, -0.0320,  0.0080,  0.0598, -0.1492,
         0.0786,  0.0501,  0.0270, -0.0269,  0.0496, -0.0210,  0.2292,  0.0553,
        -0.0439, -0.0717, -0.0065, -0.0134, -0.0471, -0.0475,  0.1849, -0.0451,
         0.0177, -0.0921,  0.0528,  0.0493, -0.0757,  0.0068,  0.1353, -0.0066,
        -0.1119,  0.0534, -0.0302,  0.0478], dtype=torch.float64)
Sum of weights: 0.999999945183746
Weight covariance matrix:
 tensor([[ 2.6556e-03, -7.2867e-05, -2.3415e-04,  ..., -3.5143e-04,
          1.1334e-04,  1.2690e-04],
        [-7.2867e-05,  1.9160e-03, -3.7196e-04,  ...,  9.6312e-05,
          8.2934e-05, -1.3432e-04],
        [-2.3415e-04, -3.7196e-04,  2.9707e-03,  ..., -8.8074e-05,
         -8.8788e-05, -1.7846e-04],
        ...,
        [-3.5143e-04,  9.6312e-05, -8.8074e-05,  ...,  2.3402e-03,
          2.0202e-04,  2.6683e-05],
        [ 1.1334e-04,  8.2934e-05, -8.8788e-05,  ...,  2.0202e-04,
          1.2363e-03, -3.3453e-05],
        [ 1.2690e-04, -1.3432e-04, -1.7846e-04,  ...,  2.6683e-05,
         -3.3453e-05,  1.6827e-03]], dtype=torch.float64,
       grad_fn=<DivBackward0>)
