Initial weights: [0.03125 0.03125 0.03125 0.03125 0.03125 0.03125 0.03125 0.03125 0.03125
 0.03125 0.03125 0.03125 0.03125 0.03125 0.03125 0.03125 0.03125 0.03125
 0.03125 0.03125 0.03125 0.03125 0.03125 0.03125 0.03125 0.03125 0.03125
 0.03125 0.03125 0.03125 0.03125 0.03125]
Optimization terminated successfully.
         Current function value: 0.550537
         Iterations: 73
         Function evaluations: 182
w_i_opt: tensor([2.3286e-01, 1.5592e-01, 1.2389e-02, 2.4378e-06, 2.6509e-01, 2.9467e-01,
        2.6027e-05, 1.6804e-01, 3.8175e-04, 1.9399e-02, 3.6305e-01, 1.1925e-01,
        2.1461e-01, 2.0740e-04, 2.9002e-01, 4.9024e-03, 1.3434e-01, 2.8437e-01,
        7.4783e-02, 1.0539e-02, 2.9145e-05, 4.7520e-02, 2.5172e-02, 4.2943e-05,
        1.0335e-05, 1.2036e-03, 4.6105e-01, 2.5773e-02, 9.9829e-02, 2.6097e-01,
        4.3021e-05, 2.4633e-01])
Sum of weights raw: 3.812839
Final weights: tensor([5.4222e-02, 2.4311e-02, 1.5349e-04, 5.9429e-12, 7.0274e-02, 8.6831e-02,
        6.7740e-10, 2.8238e-02, 1.4574e-07, 3.7632e-04, 1.3181e-01, 1.4221e-02,
        4.6059e-02, 4.3017e-08, 8.4113e-02, 2.4033e-05, 1.8048e-02, 8.0864e-02,
        5.5926e-03, 1.1107e-04, 8.4946e-10, 2.2581e-03, 6.3361e-04, 1.8441e-09,
        1.0680e-10, 1.4487e-06, 2.1257e-01, 6.6426e-04, 9.9658e-03, 6.8107e-02,
        1.8508e-09, 6.0680e-02])
Sum of weights: 1.0001225
H_manual: 22.26453607918815
H:manual eigenvalues: [2.45131540e-04 3.99519385e+00 3.99710614e+00 3.99753241e+00
 3.99797108e+00 3.99801683e+00 3.99815374e+00 3.99845354e+00
 3.99850099e+00 3.99864200e+00 3.99865637e+00 3.99869183e+00
 3.99872636e+00 3.99889340e+00 3.99895614e+00 3.99895815e+00
 3.99898142e+00 3.99907590e+00 3.99924180e+00 3.99924350e+00
 3.99938480e+00 3.99942387e+00 3.99952034e+00 3.99953826e+00
 3.99954561e+00 3.99958234e+00 3.99959113e+00 3.99959787e+00
 3.99960255e+00 3.99961830e+00 3.99963382e+00 3.99965280e+00]
H_manual condition number: 16316.353285967967
H_autograd eigenvalues: [3.47349005e-04 3.66505486e-04 3.81830407e-04 3.97590965e-04
 4.02269978e-04 4.08995992e-04 4.17796422e-04 4.54520817e-04
 4.61871089e-04 4.79798130e-04 5.76250348e-04 6.15331422e-04
 7.56625312e-04 7.58325029e-04 9.24235152e-04 1.01871343e-03
 1.04197779e-03 1.04399056e-03 1.10673448e-03 1.27376857e-03
 1.30829681e-03 1.34375144e-03 1.35814161e-03 1.49914450e-03
 1.54658574e-03 1.84640139e-03 1.98329229e-03 2.02904130e-03
 2.46771252e-03 2.89397618e-03 4.80627468e-03 3.99975452e+00]
H_autograd condition number: 11515.088460310264
‖H_manual - H_autograd‖ = 22.614493446239315
eigvalues of V tensor([2.5002e-01, 2.5002e-01, 2.5002e-01, 2.5002e-01, 2.5003e-01, 2.5003e-01,
        2.5003e-01, 2.5003e-01, 2.5003e-01, 2.5003e-01, 2.5004e-01, 2.5004e-01,
        2.5005e-01, 2.5005e-01, 2.5006e-01, 2.5006e-01, 2.5007e-01, 2.5007e-01,
        2.5007e-01, 2.5008e-01, 2.5008e-01, 2.5008e-01, 2.5008e-01, 2.5009e-01,
        2.5010e-01, 2.5012e-01, 2.5012e-01, 2.5013e-01, 2.5015e-01, 2.5018e-01,
        2.5030e-01, 4.0794e+03], dtype=torch.float64)
eigvalues of U tensor([6.2421e-20, 6.8640e-14, 2.3657e-12, 9.0131e-12, 1.6505e-11, 2.1854e-11,
        2.8981e-11, 4.4061e-10, 2.4827e-09, 1.0930e-08, 2.2753e-07, 2.6684e-06,
        5.6522e-06, 6.1352e-06, 9.9039e-06, 2.1522e-05, 5.6930e-05, 9.9672e-05,
        1.3893e-04, 1.9707e-04, 2.0505e-04, 3.6784e-04, 5.1063e-04, 7.7548e-04,
        8.0016e-04, 8.6237e-04, 1.3027e-03, 1.7387e-03, 1.7847e-03, 2.2241e-03,
        2.6502e-03, 4.5615e-03], dtype=torch.float64,
       grad_fn=<LinalgEighBackward0>)
‖V @ U - I‖ = tensor([[-9.9976e-01,  3.6011e-06, -3.4457e-06,  ...,  4.2577e-06,
          1.0947e-08, -1.4666e-05],
        [ 3.6081e-06, -9.9985e-01, -3.4417e-07,  ...,  8.0572e-05,
          8.7515e-09, -1.2918e-06],
        [-3.4306e-06, -3.3441e-07, -9.9999e-01,  ...,  1.8208e-07,
         -2.0340e-09, -2.5939e-07],
        ...,
        [ 4.2054e-06,  8.0529e-05,  1.6233e-07,  ..., -9.9972e-01,
          8.2421e-09,  4.1569e-05],
        [ 1.0955e-08,  8.7559e-09, -2.0370e-09,  ...,  8.2596e-09,
         -1.0000e+00,  1.0382e-08],
        [-1.4731e-05, -1.3428e-06, -2.7887e-07,  ...,  4.1552e-05,
          1.0361e-08, -9.9976e-01]], dtype=torch.float64,
       grad_fn=<SubBackward0>)
‖V @ U @ V - V‖ = tensor([[-2.2140e+02, -1.4808e+02, -1.1766e+01,  ..., -2.4786e+02,
         -4.0848e-02, -2.3396e+02],
        [-1.4808e+02, -9.9406e+01, -7.8786e+00,  ..., -1.6597e+02,
         -2.7352e-02, -1.5666e+02],
        [-1.1766e+01, -7.8786e+00, -8.7602e-01,  ..., -1.3187e+01,
         -2.1732e-03, -1.2447e+01],
        ...,
        [-2.4786e+02, -1.6597e+02, -1.3187e+01,  ..., -2.7804e+02,
         -4.5780e-02, -2.6221e+02],
        [-4.0848e-02, -2.7352e-02, -2.1732e-03,  ..., -4.5780e-02,
         -2.5009e-01, -4.3212e-02],
        [-2.3396e+02, -1.5666e+02, -1.2447e+01,  ..., -2.6221e+02,
         -4.3212e-02, -2.4775e+02]], dtype=torch.float64,
       grad_fn=<SubBackward0>)
[DEBUG] Feature 1
  f_binned stats: min=1.9792e-04, max=1.5488e+00, mean=4.4574e-01
  f_err stats   : min=8.6872e-09, max=5.4258e-06, mean=1.4369e-06
  Relative error f_err/f_binned: min=1.2751e-06, max=7.5646e-05
[DEBUG] Feature 2
  f_binned stats: min=1.4057e-04, max=1.0039e+00, mean=2.6774e-01
  f_err stats   : min=5.7870e-09, max=2.8793e-06, mean=8.2194e-07
  Relative error f_err/f_binned: min=1.2639e-06, max=4.8417e-05
