Initial weights: [0.0625 0.0625 0.0625 0.0625 0.0625 0.0625 0.0625 0.0625 0.0625 0.0625
 0.0625 0.0625 0.0625 0.0625 0.0625 0.0625]
Optimization terminated successfully.
         Current function value: 0.550732
         Iterations: 26
         Function evaluations: 72
w_i_opt: tensor([2.5988e-01, 1.8061e-01, 3.4292e-02, 2.7074e-04, 3.2835e-01, 4.6326e-01,
        9.0728e-04, 2.6883e-01, 2.2615e-02, 1.1547e-01, 4.2570e-01, 3.2262e-01,
        3.3858e-01, 1.3274e-03, 2.9417e-01, 6.1258e-02])
Sum of weights raw: 3.1181517
Final weights: tensor([6.7538e-02, 3.2621e-02, 1.1759e-03, 7.3298e-08, 1.0782e-01, 2.1461e-01,
        8.2316e-07, 7.2269e-02, 5.1144e-04, 1.3334e-02, 1.8122e-01, 1.0408e-01,
        1.1464e-01, 1.7621e-06, 8.6536e-02, 3.7526e-03])
Sum of weights: 1.0001081
H_manual: 15.485338849972452
H:manual eigenvalues: [2.16205206e-04 3.99447678e+00 3.99609889e+00 3.99716596e+00
 3.99781937e+00 3.99807663e+00 3.99826961e+00 3.99861802e+00
 3.99879439e+00 3.99891872e+00 3.99894937e+00 3.99920493e+00
 3.99938756e+00 3.99951927e+00 3.99952562e+00 3.99963073e+00]
H_manual condition number: 18499.234144105798
H_autograd eigenvalues: [3.69397463e-04 4.74521526e-04 4.80871145e-04 6.12715114e-04
 7.95201537e-04 1.05075352e-03 1.08142253e-03 1.20575226e-03
 1.38211133e-03 1.73052243e-03 1.92350600e-03 2.18076266e-03
 2.83416082e-03 3.90122567e-03 5.52333934e-03 3.99978346e+00]
H_autograd condition number: 10827.858491153747
‖H_manual - H_autograd‖ = 15.987123089632897
eigvalues of V tensor([2.5002e-01, 2.5003e-01, 2.5003e-01, 2.5004e-01, 2.5005e-01, 2.5007e-01,
        2.5007e-01, 2.5008e-01, 2.5009e-01, 2.5011e-01, 2.5012e-01, 2.5014e-01,
        2.5018e-01, 2.5024e-01, 2.5035e-01, 4.6252e+03], dtype=torch.float64)
eigvalues of U tensor([2.2881e-18, 1.0525e-09, 1.4089e-08, 2.1374e-08, 9.3191e-06, 5.8854e-05,
        2.3752e-04, 3.6043e-04, 5.7900e-04, 9.8849e-04, 1.5160e-03, 1.7079e-03,
        1.9656e-03, 2.6189e-03, 3.6855e-03, 5.3072e-03], dtype=torch.float64,
       grad_fn=<LinalgEighBackward0>)
‖V @ U - I‖ = tensor([[-9.9973e-01, -1.0327e-05, -1.6838e-05, -1.4060e-09,  3.5594e-05,
         -1.7397e-04,  2.7181e-07, -5.8508e-06,  3.4848e-06,  2.5665e-05,
          2.6028e-05, -6.4138e-06, -3.2645e-05,  1.9048e-07,  1.1226e-05,
         -9.1140e-06],
        [-1.0308e-05, -9.9981e-01, -5.9942e-06,  2.1736e-08, -3.8843e-05,
         -5.8073e-05,  3.5973e-08,  6.1484e-05,  1.3218e-06,  1.9818e-06,
         -5.4976e-05,  5.4892e-05, -1.6949e-06, -9.5789e-08, -1.2520e-05,
          1.2023e-05],
        [-1.6723e-05, -5.9167e-06, -9.9990e-01,  9.0494e-09, -5.0805e-05,
          1.3880e-05, -1.7930e-08,  5.5432e-06, -9.7484e-07,  6.8022e-09,
          1.2372e-05, -1.3689e-05,  1.8146e-05, -5.3874e-08,  1.2959e-05,
          1.3478e-06],
        [-1.3715e-09,  2.1747e-08,  8.9366e-09, -1.0000e+00, -4.2588e-08,
         -1.1570e-07,  2.8988e-10,  3.7635e-08,  5.4940e-09,  5.9787e-09,
          4.6893e-08,  4.7254e-08,  6.7660e-08,  1.7399e-10, -2.2089e-08,
          1.8878e-08],
        [ 3.5531e-05, -3.8911e-05, -5.0958e-05, -4.2685e-08, -9.9911e-01,
         -2.9600e-04,  2.3814e-07, -1.0808e-04,  1.7060e-06,  2.2092e-05,
         -1.7797e-04, -7.8369e-05, -5.9990e-05, -1.8393e-08, -2.9407e-05,
         -8.0009e-06],
        [-1.7428e-04, -5.8323e-05,  1.3633e-05, -1.1606e-07, -2.9628e-04,
         -9.9904e-01, -4.8377e-07,  1.2326e-05, -1.2815e-05, -8.0494e-05,
         -2.0248e-04, -2.1219e-04, -2.3954e-04, -5.9937e-07, -1.6193e-04,
         -2.7754e-05],
        [ 2.7194e-07,  3.5964e-08, -1.8327e-08,  2.8981e-10,  2.3850e-07,
         -4.8266e-07, -1.0000e+00, -1.1443e-07,  2.4213e-08,  7.9830e-08,
         -5.7819e-08,  8.9791e-08,  4.9784e-08,  8.8969e-10,  2.3570e-07,
         -1.3169e-08],
        [-6.0254e-06,  6.1343e-05,  5.4010e-06,  3.7406e-08, -1.0824e-04,
          1.2337e-05, -1.1509e-07, -9.9969e-01, -4.9534e-06,  3.0775e-05,
         -1.2340e-05, -6.7059e-05, -6.4420e-05, -1.7301e-07, -6.5311e-05,
          1.2880e-05],
        [ 3.5045e-06,  1.3338e-06, -9.8234e-07,  5.5100e-09,  1.7362e-06,
         -1.2754e-05,  2.4271e-08, -4.9184e-06, -1.0000e+00,  1.0872e-06,
          1.3250e-06,  4.2343e-06,  7.8444e-06,  1.7155e-08,  2.4246e-06,
          9.2850e-07],
        [ 2.5872e-05,  2.1176e-06, -1.6992e-08,  6.1775e-09,  2.2382e-05,
         -7.9986e-05,  8.0506e-08,  3.1067e-05,  1.0965e-06, -9.9993e-01,
          1.4840e-05, -2.4087e-05,  1.2500e-05,  1.5281e-07,  8.4944e-06,
          1.0267e-05],
        [ 2.5896e-05, -5.5098e-05,  1.2166e-05,  4.6686e-08, -1.7803e-04,
         -2.0220e-04, -5.8381e-08, -1.2190e-05,  1.2816e-06,  1.4441e-05,
         -9.9949e-01, -6.3950e-05, -8.7856e-05,  4.5355e-07, -3.0432e-05,
          8.4433e-06],
        [-6.4444e-06,  5.4848e-05, -1.3836e-05,  4.7165e-08, -7.8330e-05,
         -2.1186e-04,  8.9577e-08, -6.6874e-05,  4.2071e-06, -2.4358e-05,
         -6.3837e-05, -9.9952e-01,  7.1736e-05, -1.5343e-07, -4.5990e-05,
         -1.2961e-06],
        [-3.2745e-05, -1.7889e-06,  1.7982e-05,  6.7491e-08, -6.0035e-05,
         -2.3931e-04,  4.9333e-08, -6.4296e-05,  7.8098e-06,  1.2185e-05,
         -8.7849e-05,  7.1652e-05, -9.9949e-01,  4.6580e-07, -1.8627e-05,
          1.5496e-05],
        [ 1.9016e-07, -9.6155e-08, -5.4520e-08,  1.7342e-10, -1.8530e-08,
         -5.9855e-07,  8.8807e-10, -1.7253e-07,  1.7027e-08,  1.5162e-07,
          4.5373e-07, -1.5376e-07,  4.6594e-07, -1.0000e+00, -6.2614e-08,
         -1.9896e-08],
        [ 1.1135e-05, -1.2604e-05,  1.2816e-05, -2.2217e-08, -2.9451e-05,
         -1.6174e-04,  2.3525e-07, -6.5207e-05,  2.3945e-06,  8.2191e-06,
         -3.0433e-05, -4.6068e-05, -1.8633e-05, -6.2658e-08, -9.9954e-01,
          2.8539e-06],
        [-8.9887e-06,  1.2107e-05,  1.3372e-06,  1.8996e-08, -7.8277e-06,
         -2.7457e-05, -1.2746e-08,  1.3051e-05,  9.3479e-07,  1.0274e-05,
          8.6800e-06, -1.1332e-06,  1.5684e-05, -1.9167e-08,  3.0174e-06,
         -9.9998e-01]], dtype=torch.float64, grad_fn=<SubBackward0>)
‖V @ U @ V - V‖ = tensor([[-3.1258e+02, -2.1706e+02, -4.1212e+01, -3.2528e-01, -3.9462e+02,
         -5.5676e+02, -1.0901e+00, -3.2308e+02, -2.7177e+01, -1.3878e+02,
         -5.1161e+02, -3.8773e+02, -4.0691e+02, -1.5950e+00, -3.5354e+02,
         -7.3619e+01],
        [-2.1706e+02, -1.5111e+02, -2.8642e+01, -2.2606e-01, -2.7425e+02,
         -3.8694e+02, -7.5764e-01, -2.2454e+02, -1.8888e+01, -9.6448e+01,
         -3.5556e+02, -2.6947e+02, -2.8280e+02, -1.1085e+00, -2.4570e+02,
         -5.1164e+01],
        [-4.1212e+01, -2.8642e+01, -5.6881e+00, -4.2921e-02, -5.2071e+01,
         -7.3465e+01, -1.4385e-01, -4.2631e+01, -3.5861e+00, -1.8312e+01,
         -6.7508e+01, -5.1162e+01, -5.3693e+01, -2.1046e-01, -4.6650e+01,
         -9.7142e+00],
        [-3.2528e-01, -2.2606e-01, -4.2921e-02, -2.5043e-01, -4.1098e-01,
         -5.7984e-01, -1.1354e-03, -3.3648e-01, -2.8304e-02, -1.4453e-01,
         -5.3282e-01, -4.0381e-01, -4.2378e-01, -1.6611e-03, -3.6820e-01,
         -7.6672e-02],
        [-3.9462e+02, -2.7425e+02, -5.2071e+01, -4.1098e-01, -4.9884e+02,
         -7.0345e+02, -1.3774e+00, -4.0821e+02, -3.4338e+01, -1.7534e+02,
         -6.4640e+02, -4.8989e+02, -5.1412e+02, -2.0152e+00, -4.4669e+02,
         -9.3016e+01],
        [-5.5676e+02, -3.8694e+02, -7.3465e+01, -5.7984e-01, -7.0345e+02,
         -9.9273e+02, -1.9433e+00, -5.7593e+02, -4.8447e+01, -2.4738e+02,
         -9.1199e+02, -6.9117e+02, -7.2536e+02, -2.8433e+00, -6.3022e+02,
         -1.3123e+02],
        [-1.0901e+00, -7.5764e-01, -1.4385e-01, -1.1354e-03, -1.3774e+00,
         -1.9433e+00, -2.5387e-01, -1.1277e+00, -9.4860e-02, -4.8439e-01,
         -1.7857e+00, -1.3533e+00, -1.4203e+00, -5.5672e-03, -1.2340e+00,
         -2.5696e-01],
        [-3.2308e+02, -2.2454e+02, -4.2631e+01, -3.3648e-01, -4.0821e+02,
         -5.7593e+02, -1.1277e+00, -3.3446e+02, -2.8113e+01, -1.4356e+02,
         -5.2922e+02, -4.0108e+02, -4.2092e+02, -1.6499e+00, -3.6571e+02,
         -7.6154e+01],
        [-2.7177e+01, -1.8888e+01, -3.5861e+00, -2.8304e-02, -3.4338e+01,
         -4.8447e+01, -9.4860e-02, -2.8113e+01, -2.6149e+00, -1.2076e+01,
         -4.4518e+01, -3.3739e+01, -3.5408e+01, -1.3879e-01, -3.0763e+01,
         -6.4060e+00],
        [-1.3878e+02, -9.6448e+01, -1.8312e+01, -1.4453e-01, -1.7534e+02,
         -2.4738e+02, -4.8439e-01, -1.4356e+02, -1.2076e+01, -6.1913e+01,
         -2.2732e+02, -1.7228e+02, -1.8080e+02, -7.0871e-01, -1.5709e+02,
         -3.2711e+01],
        [-5.1161e+02, -3.5556e+02, -6.7508e+01, -5.3282e-01, -6.4640e+02,
         -9.1199e+02, -1.7857e+00, -5.2922e+02, -4.4518e+01, -2.2732e+02,
         -8.3829e+02, -6.3512e+02, -6.6654e+02, -2.6127e+00, -5.7911e+02,
         -1.2059e+02],
        [-3.8773e+02, -2.6947e+02, -5.1162e+01, -4.0381e-01, -4.8989e+02,
         -6.9117e+02, -1.3533e+00, -4.0108e+02, -3.3739e+01, -1.7228e+02,
         -6.3512e+02, -4.8159e+02, -5.0515e+02, -1.9801e+00, -4.3889e+02,
         -9.1392e+01],
        [-4.0691e+02, -2.8280e+02, -5.3693e+01, -4.2378e-01, -5.1412e+02,
         -7.2536e+02, -1.4203e+00, -4.2092e+02, -3.5408e+01, -1.8080e+02,
         -6.6654e+02, -5.0515e+02, -5.3039e+02, -2.0780e+00, -4.6060e+02,
         -9.5914e+01],
        [-1.5950e+00, -1.1085e+00, -2.1046e-01, -1.6611e-03, -2.0152e+00,
         -2.8433e+00, -5.5672e-03, -1.6499e+00, -1.3879e-01, -7.0871e-01,
         -2.6127e+00, -1.9801e+00, -2.0780e+00, -2.5821e-01, -1.8054e+00,
         -3.7596e-01],
        [-3.5354e+02, -2.4570e+02, -4.6650e+01, -3.6820e-01, -4.4669e+02,
         -6.3022e+02, -1.2340e+00, -3.6571e+02, -3.0763e+01, -1.5709e+02,
         -5.7911e+02, -4.3889e+02, -4.6060e+02, -1.8054e+00, -4.0043e+02,
         -8.3333e+01],
        [-7.3619e+01, -5.1164e+01, -9.7142e+00, -7.6672e-02, -9.3016e+01,
         -1.3123e+02, -2.5696e-01, -7.6154e+01, -6.4060e+00, -3.2711e+01,
         -1.2059e+02, -9.1392e+01, -9.5914e+01, -3.7596e-01, -8.3333e+01,
         -1.7603e+01]], dtype=torch.float64, grad_fn=<SubBackward0>)
[DEBUG] Feature 1
  f_binned stats: min=1.3566e-04, max=1.5318e+00, mean=4.4574e-01
  f_err stats   : min=1.1478e-08, max=7.5043e-06, mean=2.0289e-06
  Relative error f_err/f_binned: min=1.5911e-06, max=9.0474e-05
[DEBUG] Feature 2
  f_binned stats: min=1.0633e-04, max=1.0086e+00, mean=2.6774e-01
  f_err stats   : min=4.2839e-09, max=5.8326e-06, mean=1.1424e-06
  Relative error f_err/f_binned: min=1.9182e-06, max=8.5340e-05
