Initial weights: [0.03125 0.03125 0.03125 0.03125 0.03125 0.03125 0.03125 0.03125 0.03125
 0.03125 0.03125 0.03125 0.03125 0.03125 0.03125 0.03125 0.03125 0.03125
 0.03125 0.03125 0.03125 0.03125 0.03125 0.03125 0.03125 0.03125 0.03125
 0.03125 0.03125 0.03125 0.03125 0.03125]
Optimization terminated successfully.
         Current function value: 0.550930
         Iterations: 9
         Function evaluations: 31
Final weights: tensor([0.0320, 0.0313, 0.0284, 0.0297, 0.0320, 0.0331, 0.0302, 0.0318, 0.0308,
        0.0311, 0.0322, 0.0316, 0.0316, 0.0309, 0.0322, 0.0309, 0.0319, 0.0319,
        0.0317, 0.0313, 0.0305, 0.0315, 0.0310, 0.0305, 0.0296, 0.0311, 0.0341,
        0.0312, 0.0314, 0.0316, 0.0303, 0.0318])
Sum of weights: 1.001106
H:manual eigenvalues: [2.20928427e-03 3.98731419e+00 3.99445663e+00 3.99544086e+00
 3.99573320e+00 3.99595169e+00 3.99597856e+00 3.99627569e+00
 3.99654071e+00 3.99663080e+00 3.99671283e+00 3.99679755e+00
 3.99695010e+00 3.99702019e+00 3.99714161e+00 3.99727496e+00
 3.99735672e+00 3.99742206e+00 3.99746397e+00 3.99758766e+00
 3.99766243e+00 3.99772211e+00 3.99774440e+00 3.99778737e+00
 3.99783556e+00 3.99792003e+00 3.99803709e+00 3.99808717e+00
 3.99814101e+00 3.99832937e+00 3.99876332e+00 3.99993494e+00]
H_manual condition number: 1810.5116639031855
H_autograd eigenvalues: [6.52009474e-05 1.23680850e-03 1.67076279e-03 1.85911545e-03
 1.91296033e-03 1.96304185e-03 2.08010020e-03 2.16456434e-03
 2.21275239e-03 2.25573644e-03 2.27802405e-03 2.33770674e-03
 2.41246847e-03 2.53615336e-03 2.57806390e-03 2.64340134e-03
 2.72516865e-03 2.85851939e-03 2.97993305e-03 3.05002831e-03
 3.20257874e-03 3.28729359e-03 3.36932521e-03 3.45941931e-03
 3.72443594e-03 4.02156477e-03 4.04843287e-03 4.26691739e-03
 4.55926292e-03 5.54349301e-03 1.26859320e-02 3.99779037e+00]
H_autograd condition number: 61314.91224642628
eigvalues of V tensor([2.5014e-01, 7.8827e+01, 1.8039e+02, 2.1933e+02, 2.3436e+02, 2.4701e+02,
        2.4866e+02, 2.6850e+02, 2.8907e+02, 2.9680e+02, 3.0420e+02, 3.1225e+02,
        3.2787e+02, 3.3558e+02, 3.4983e+02, 3.6695e+02, 3.7830e+02, 3.8789e+02,
        3.9430e+02, 4.1451e+02, 4.2777e+02, 4.3898e+02, 4.4331e+02, 4.5193e+02,
        4.6199e+02, 4.8075e+02, 5.0941e+02, 5.2275e+02, 5.3789e+02, 5.9853e+02,
        8.0853e+02, 1.5337e+04], dtype=torch.float64)
eigvalues of U tensor([3.3466e-19, 1.2969e-04, 1.5020e-04, 1.6162e-04, 1.7051e-04, 2.1331e-04,
        2.3368e-04, 2.4689e-04, 2.6410e-04, 2.7021e-04, 2.9437e-04, 3.4104e-04,
        3.6139e-04, 3.8341e-04, 4.0352e-04, 4.3635e-04, 4.5470e-04, 4.9035e-04,
        5.0310e-04, 5.7403e-04, 6.7426e-04, 6.9660e-04, 7.8550e-04, 8.3139e-04,
        9.0098e-04, 1.0554e-03, 1.1227e-03, 1.3944e-03, 1.4731e-03, 1.5988e-03,
        2.1852e-03, 7.5137e-03], dtype=torch.float64,
       grad_fn=<LinalgEighBackward0>)
‖V @ U - I‖ = tensor([[-7.3761e-01, -1.1731e-02, -6.3212e-02,  ...,  3.8678e-04,
          4.5356e-02, -1.9509e-02],
        [-9.5592e-03, -7.7304e-01, -3.3701e-02,  ...,  4.4646e-02,
          2.6197e-02, -2.2830e-02],
        [-1.9593e-02, -1.5152e-02, -4.4323e-01,  ..., -4.4281e-03,
         -2.4322e-02, -1.4085e-02],
        ...,
        [-4.0386e-03,  4.8853e-02, -1.1677e-02,  ..., -8.2980e-01,
          9.7365e-03,  7.8772e-03],
        [ 1.4663e-05, -1.6671e-03, -5.5541e-02,  ..., -1.2236e-02,
         -8.7195e-01,  2.5046e-04],
        [ 1.7350e-03, -8.9982e-03, -2.0926e-02,  ...,  3.2837e-02,
          5.9045e-02, -7.9583e-01]], dtype=torch.float64,
       grad_fn=<SubBackward0>)
‖V @ U @ V - V‖ = tensor([[-339.7175,   17.4779,    8.9271,  ...,   25.1605,    9.2366,
           42.1369],
        [  17.4779, -251.5293,   13.3701,  ...,   53.9115,   -1.3503,
           33.1916],
        [   8.9271,   13.3701,  -16.7259,  ...,   15.9236,  -26.3563,
           47.4375],
        ...,
        [  25.1605,   53.9115,   15.9236,  ..., -342.6751,   -4.2630,
           56.8693],
        [   9.2366,   -1.3503,  -26.3563,  ...,   -4.2630, -199.8940,
          -28.4485],
        [  42.1369,   33.1916,   47.4375,  ...,   56.8693,  -28.4485,
         -251.3378]], dtype=torch.float64, grad_fn=<SubBackward0>)
Weight covariance matrix:
 tensor([[ 1.6758e-04,  1.2633e-05,  1.8970e-05,  ...,  1.3022e-05,
         -1.5953e-05,  4.6850e-05],
        [ 1.2633e-05,  1.0761e-04,  1.9109e-05,  ...,  2.5448e-05,
         -1.8881e-05,  4.3390e-05],
        [ 1.8970e-05,  1.9109e-05,  7.3983e-05,  ...,  1.6079e-05,
         -2.5560e-05,  6.0383e-05],
        ...,
        [ 1.3022e-05,  2.5448e-05,  1.6079e-05,  ...,  8.9930e-05,
         -1.8485e-05,  4.6473e-05],
        [-1.5953e-05, -1.8881e-05, -2.5560e-05,  ..., -1.8485e-05,
          6.3764e-05, -5.9681e-05],
        [ 4.6850e-05,  4.3390e-05,  6.0383e-05,  ...,  4.6473e-05,
         -5.9681e-05,  2.7109e-04]], dtype=torch.float64,
       grad_fn=<MmBackward0>)
[DEBUG] Feature 1
  f_binned stats: min=2.1035e-04, max=1.5618e+00, mean=4.4574e-01
  f_err stats   : min=2.6055e-05, max=3.2614e-02, mean=6.7966e-03
  Relative error f_err/f_binned: min=2.7865e-03, max=7.8809e-01
[DEBUG] Feature 2
  f_binned stats: min=1.8288e-04, max=1.0088e+00, mean=2.6774e-01
  f_err stats   : min=2.9160e-05, max=2.5243e-02, mean=3.6417e-03
  Relative error f_err/f_binned: min=2.5351e-03, max=4.1215e-01
