Initial weights: [0.03125 0.03125 0.03125 0.03125 0.03125 0.03125 0.03125 0.03125 0.03125
 0.03125 0.03125 0.03125 0.03125 0.03125 0.03125 0.03125 0.03125 0.03125
 0.03125 0.03125 0.03125 0.03125 0.03125 0.03125 0.03125 0.03125 0.03125
 0.03125 0.03125 0.03125 0.03125 0.03125]
Optimization terminated successfully.
         Current function value: 0.547615
         Iterations: 44
         Function evaluations: 103
Weight covariance matrix:
 tensor([[  1.1704e-87,  -2.8099e-92, -3.9750e-106,  ...,   4.2762e-80,
           7.2055e-69,  -2.8132e-49],
        [ -2.8099e-92,   7.8538e-94, -1.3299e-109,  ...,   1.7467e-82,
           3.4462e-72,  -2.3580e-52],
        [-3.9750e-106, -1.3299e-109,  1.7481e-122,  ...,   2.2666e-97,
          -8.9784e-87,   1.2505e-66],
        ...,
        [  4.2762e-80,   1.7467e-82,   2.2666e-97,  ...,   9.3756e-70,
           2.9030e-61,   6.3462e-40],
        [  7.2055e-69,   3.4462e-72,  -8.9784e-87,  ...,   2.9030e-61,
           6.0670e-49,   1.1687e-29],
        [ -2.8132e-49,  -2.3580e-52,   1.2505e-66,  ...,   6.3462e-40,
           1.1687e-29,   2.9286e-03]], dtype=torch.float64,
       grad_fn=<MmBackward0>)
X_centers_grid: torch.Size([10000, 2])
model_probs_grid: torch.Size([10000, 32])
mu_i: torch.Size([2, 32])
sigma_sq tensor([2.0264e-07, 3.7379e-07], dtype=torch.float64)
Submitted coverage jobs for trial: N_100000_seeds_32_bootstraps_10_2_2_64_6
