# NF member seeds ranked BEST->WORST by marginal total-variation match to target
# metric: TV(feat1)+TV(feat2) via grid-integrated marginals vs analytic target marginals
# trial: N_100000_dim_2_seeds_128_4_4_64_8 / 2d_bimodal_gaussian_heavy_tail
# columns: seed tv1 tv2 tvsum nll gap
100 0.016094 0.008478 0.024573 0.407098 0.006583
70 0.017401 0.007428 0.024828 0.404343 0.003828
12 0.016356 0.009288 0.025643 0.406532 0.006017
122 0.011698 0.014032 0.025731 0.404800 0.004286
62 0.014808 0.011484 0.026291 0.406734 0.006219
73 0.012848 0.013513 0.026361 0.405780 0.005265
68 0.014290 0.012095 0.026385 0.408053 0.007539
112 0.014227 0.012417 0.026644 0.404961 0.004447
124 0.010537 0.017005 0.027542 0.406148 0.005634
98 0.010603 0.017646 0.028249 0.405231 0.004717
59 0.019056 0.009243 0.028299 0.406943 0.006429
53 0.011916 0.016520 0.028436 0.404075 0.003561
123 0.021110 0.007354 0.028465 0.405830 0.005315
101 0.016123 0.012649 0.028772 0.406804 0.006290
55 0.010623 0.018164 0.028786 0.408173 0.007659
38 0.017229 0.011567 0.028795 0.405721 0.005207
110 0.017791 0.011069 0.028860 0.404113 0.003598
79 0.012682 0.016275 0.028957 0.407001 0.006486
83 0.013868 0.015902 0.029770 0.405751 0.005237
92 0.022058 0.008204 0.030263 0.405666 0.005152
42 0.016217 0.014090 0.030306 0.406476 0.005961
78 0.020985 0.009332 0.030317 0.406561 0.006047
24 0.019153 0.011186 0.030339 0.407559 0.007045
31 0.013197 0.017199 0.030395 0.406805 0.006290
32 0.013822 0.016714 0.030536 0.406020 0.005505
127 0.016568 0.014085 0.030653 0.409109 0.008594
14 0.018279 0.012389 0.030669 0.407454 0.006940
102 0.021815 0.008877 0.030693 0.404439 0.003924
19 0.019896 0.011017 0.030913 0.407427 0.006912
23 0.015191 0.015917 0.031108 0.406764 0.006249
61 0.016820 0.014293 0.031113 0.405423 0.004908
7 0.012729 0.018434 0.031163 0.409185 0.008671
87 0.012243 0.019318 0.031561 0.406193 0.005679
82 0.019251 0.012319 0.031571 0.404945 0.004431
37 0.021132 0.010450 0.031582 0.406842 0.006327
64 0.017847 0.013884 0.031731 0.407628 0.007113
33 0.015768 0.015968 0.031736 0.406486 0.005971
0 0.017118 0.014801 0.031919 0.404120 0.003605
22 0.013334 0.019023 0.032357 0.407928 0.007413
65 0.014718 0.017741 0.032459 0.407455 0.006940
39 0.020600 0.011966 0.032566 0.407427 0.006912
11 0.018376 0.014285 0.032661 0.406736 0.006221
85 0.023948 0.008723 0.032671 0.406996 0.006481
8 0.022534 0.010288 0.032821 0.407168 0.006653
44 0.016634 0.016332 0.032966 0.407245 0.006730
58 0.016500 0.016548 0.033048 0.406057 0.005542
48 0.017188 0.016287 0.033475 0.407101 0.006586
74 0.018661 0.014933 0.033594 0.405757 0.005243
40 0.016948 0.016656 0.033604 0.405622 0.005107
47 0.017320 0.016483 0.033803 0.405673 0.005158
126 0.022039 0.011839 0.033878 0.406558 0.006043
117 0.018971 0.015096 0.034067 0.406784 0.006269
16 0.023271 0.010923 0.034194 0.408370 0.007855
111 0.021644 0.012652 0.034296 0.406537 0.006023
90 0.014954 0.019371 0.034325 0.406419 0.005904
52 0.022158 0.012171 0.034329 0.406750 0.006235
93 0.016592 0.017782 0.034374 0.406890 0.006376
77 0.012320 0.022218 0.034539 0.405079 0.004564
63 0.019182 0.015753 0.034934 0.408029 0.007514
118 0.024388 0.010703 0.035091 0.405142 0.004628
28 0.023809 0.011313 0.035123 0.405128 0.004614
121 0.014985 0.020260 0.035245 0.405170 0.004655
18 0.017183 0.018171 0.035354 0.407705 0.007191
84 0.016165 0.019205 0.035370 0.407752 0.007237
113 0.015680 0.019710 0.035390 0.406807 0.006293
4 0.018911 0.016581 0.035492 0.406227 0.005712
75 0.023169 0.012350 0.035520 0.408416 0.007901
81 0.023301 0.012398 0.035699 0.406654 0.006140
115 0.025910 0.009884 0.035794 0.406691 0.006176
114 0.016254 0.019638 0.035892 0.407484 0.006969
120 0.018876 0.017287 0.036163 0.405377 0.004862
29 0.021674 0.014649 0.036323 0.406643 0.006129
86 0.019716 0.017048 0.036764 0.406218 0.005703
25 0.025472 0.011357 0.036829 0.408035 0.007521
36 0.021946 0.015119 0.037066 0.406746 0.006232
116 0.025255 0.011847 0.037102 0.405841 0.005326
105 0.016960 0.020353 0.037313 0.407305 0.006790
54 0.018061 0.019642 0.037703 0.404349 0.003835
108 0.020123 0.017604 0.037726 0.409187 0.008672
35 0.021761 0.016346 0.038107 0.407591 0.007076
95 0.021164 0.017073 0.038236 0.406581 0.006066
20 0.023663 0.014875 0.038538 0.406616 0.006102
109 0.013851 0.024831 0.038682 0.407045 0.006531
96 0.027508 0.011720 0.039228 0.406907 0.006392
66 0.016455 0.023080 0.039535 0.407689 0.007174
45 0.028818 0.010738 0.039556 0.407387 0.006873
91 0.022463 0.017111 0.039574 0.407263 0.006749
71 0.021155 0.018444 0.039599 0.405086 0.004572
2 0.019281 0.020760 0.040041 0.406800 0.006285
43 0.030652 0.010151 0.040802 0.409280 0.008766
34 0.022806 0.018158 0.040964 0.406694 0.006179
51 0.023152 0.018201 0.041353 0.408199 0.007685
1 0.023414 0.018475 0.041888 0.410265 0.009750
9 0.023399 0.018806 0.042205 0.405954 0.005440
88 0.026229 0.016462 0.042691 0.408532 0.008018
27 0.024448 0.018589 0.043037 0.409511 0.008996
57 0.025706 0.017701 0.043406 0.409287 0.008772
106 0.023690 0.019774 0.043464 0.405145 0.004631
13 0.028798 0.014690 0.043488 0.408992 0.008478
46 0.032765 0.010938 0.043702 0.407505 0.006990
103 0.027262 0.016609 0.043871 0.407825 0.007310
49 0.028173 0.015709 0.043882 0.408162 0.007648
89 0.029522 0.014596 0.044118 0.410093 0.009579
21 0.027056 0.017068 0.044124 0.408266 0.007752
76 0.028699 0.015694 0.044393 0.407138 0.006623
99 0.023857 0.021265 0.045123 0.409984 0.009469
104 0.023348 0.021983 0.045331 0.407879 0.007364
60 0.029943 0.015781 0.045724 0.408309 0.007794
80 0.025380 0.020424 0.045804 0.407102 0.006588
72 0.030042 0.016640 0.046682 0.409296 0.008781
107 0.035089 0.011706 0.046795 0.407941 0.007427
50 0.032982 0.013882 0.046865 0.409524 0.009009
56 0.027453 0.019504 0.046958 0.406256 0.005741
30 0.027504 0.020083 0.047587 0.409064 0.008550
97 0.028759 0.019738 0.048498 0.407867 0.007353
10 0.035449 0.013184 0.048634 0.408158 0.007643
69 0.026717 0.022073 0.048790 0.411411 0.010897
125 0.021103 0.028866 0.049969 0.410995 0.010481
5 0.028361 0.021658 0.050020 0.407225 0.006710
67 0.018727 0.031445 0.050172 0.410735 0.010220
41 0.028836 0.023459 0.052295 0.409406 0.008891
17 0.030530 0.021777 0.052307 0.411196 0.010681
6 0.021031 0.031287 0.052318 0.410878 0.010364
26 0.024017 0.028645 0.052662 0.409787 0.009273
94 0.035584 0.024379 0.059963 0.414106 0.013592
15 0.025705 0.035008 0.060713 0.410867 0.010352
3 0.034946 0.027610 0.062556 0.413700 0.013185
119 0.040222 0.034433 0.074655 0.416381 0.015866
